3.895842
3.401982
2.945261
-3.628177
2.8338
5.135134
4.240878
-5.128053
5.54905
3.241135
4.253859
-2.889725
5.133318
5.23267
3.907583
2.916914
3.803197
3.333865
4.798418
-3.713553
1.787656
-4.840924
-4.703964
4.346213
-6.693962
-4.251055
4.070693
-1.799316
3.733596
2.568707
5.483275
-4.720147
4.492573
2.823715
-3.061799
4.845622
3.681635
-3.858468
6.294026
-3.858373
-4.517616
4.398511
5.316468
4.514564
2.409645
3.497884
4.73366
2.184268
4.045286
4.363233
5.570824
3.126506
-3.726768
3.425917
3.9369
-4.923434
4.27296
2.686297
4.510786
2.846815
1.562538
3.611504
4.509006
2.466958
5.73497
2.78
4.422219
3.187613
-4.531676
-5.070161
-3.325326
5.597752
5.304566
3.886368
-4.858818
-3.326292
-3.399077
2.737168
4.479232
4.722712
3.939768
3.881623
4.289125
-6.202761
3.931104
2.492948
4.187604
3.21031
4.376882
3.321882
3.289882
4.113372
3.495581
-4.722876
3.543994
6.088612
3.861701
-4.106213
3.708448
4.593929
2.603985
4.176213
-3.355415
3.869157
3.006515
-3.107826
4.829636
4.963104
2.908576
5.611814
-4.864563
-4.744726
2.205284
-3.457409
-5.557371
-2.828561
4.148876
3.483421
3.808581
-3.59885
2.770112
6.056081
4.104991
1.986645
3.577808
5.236406
4.955113
4.728733
2.268426
4.40736
2.880721
6.210846
-4.865693
3.660751
4.216474
3.210639
2.450863
-3.489894
5.138989
4.734183
3.068868
3.936149
5.247219
5.440802
4.377739
4.531803
-3.021151
5.477424
3.469241
3.332735
3.74817
2.246964
4.648183
3.042482
2.976082
3.121912
3.468295
4.600172
-4.050627
4.675429
4.088095
4.548893
4.099025
2.838662
3.382208
-4.015342
-4.094556
4.979749
4.664761
3.795393
-3.46889
5.195836
4.741217
4.374865
3.238363
3.742843
4.528018
3.924778
-3.920774
3.543542
5.088437
2.661618
-5.414872
3.820043
-4.650099
4.478713
-4.465812
-3.965114
-5.285044
3.511619
3.878517
2.634226
4.119171
3.561245
4.837313
4.700016
3.983304
4.631637
5.097474
5.683797
-2.830495
4.232737
2.873298
3.004989
4.531077
2.32685
3.84208
-4.342803
-3.902477
4.128804
-3.633185
-2.772628
5.340036
-2.715799
2.834214
5.377286
3.521336
3.205788
-4.06821
4.540611
-3.490634
4.432395
4.427168
3.308846
3.936582
-1.934333
-3.673302
6.34818
2.263604
3.409498
2.720319
2.178231
5.353536
3.842702
3.675226
5.082152
4.936699
5.375572
3.8024
-2.241376
-3.818954
4.404796
4.476453
4.654889
-4.130918
4.891508
3.339498
3.597393
5.701709
3.894838
3.406546
-5.056265
5.162275
2.872527
-2.845345
3.314848
2.783364
3.049404
4.03508
3.370068
1.824925
4.793337
4.520995
5.816963
4.178303
5.366059
-1.842518
3.42233
3.701617
3.536856
4.130647
-3.937396
3.524416
2.756261
3.757737
-3.346737
4.240376
2.347423
4.787389
2.678089
4.474937
3.684828
4.087247
3.619999
-1.987939
2.790566
3.951466
-4.103644
3.625743
4.884616
3.564995
-4.199976
-2.38337
-3.679091
3.892547
-3.792939
4.603642
3.322826
3.610366
3.603229
2.787555
4.756889
4.081445
4.497409
3.074613
4.676134
6.250458
3.364103
2.906522
3.022533
5.298897
3.446958
4.926592
-1.984651
-2.589981
1.752006
3.202978
2.849742
-4.144142
5.070618
-3.7827
2.627433
-5.1328
4.248494
2.355061
3.863379
5.179657
4.381995
2.797666
-4.95733
2.99627
3.032285
-4.635771
4.110522
-3.923084
-3.979595
3.089342
3.870557
3.94466
3.524121
4.792231
4.070023
3.805226
4.852273
5.254887
3.815378
-2.316161
2.998802
-5.495758
2.569917
4.995961
-6.101995
2.538852
3.443209
5.439524
5.204952
3.832041
-4.958318
3.971864
3.850033
3.9638
2.818071
2.059088
6.02781
4.719153
-4.086302
-2.775192
4.425673
4.243616
-4.506839
5.36323
4.67816
4.508431
-4.481328
4.643744
3.753535
4.027211
4.487489
-3.686033
3.326985
4.347818
4.581985
3.802613
3.33222
-3.584659
2.847198
3.50673
2.508244
-2.960064
3.29006
-2.861081
4.589706
-4.80983
4.235971
-4.108458
3.829457
2.598604
4.224642
2.483037
4.573107
4.521652
4.005754
1.823431
3.683748
5.372603
1.737406
3.520761
4.304961
5.323071
4.493723
3.666054
1.879029
2.470838
4.533211
-3.437414
4.518053
3.830242
6.668608
-2.409649
3.636484
4.99919
2.756319
4.369165
-3.375566
3.727398
3.663611
2.874264
4.38241
4.84653
4.327968
4.391108
2.977574
3.160167
2.860903
-4.974109
2.849593
3.95223
4.708311
-3.001119
5.013017
5.752211
3.762892
3.852747
4.244376
-4.281563
3.472583
4.611362
-5.443981
5.565099
-3.017056
3.445147
-4.558513
3.620045
4.937625
5.365849
-4.546072
4.201977
-4.141363
2.83789
6.057981
3.534784
4.837736
2.924124
6.357394
2.853038
3.902171
3.943953
5.487931
4.476224
2.113089
3.750005
-4.092264
3.584668
7.324545
6.105433
4.358525
-4.504514
4.088702
4.56325
-2.835006
4.259866
4.569114
5.010912
-3.323748
4.445038
5.152807
4.719842
3.069465
3.422183
4.931813
3.687161
4.23043
3.043357
3.519728
5.156466
3.790378
4.235362
4.613877
-2.796006
5.168412
3.913703
3.473993
-3.21597
3.644978
3.218368
-4.073638
-5.453451
-2.069853
3.155707
-4.770264
-3.956655
4.445892
4.777167
3.849681
3.711936
-2.347788
4.436316
4.236779
3.215489
-3.751169
2.814188
5.272899
4.124204
3.510933
3.042493
2.607705
-3.668584
3.893277
5.364855
4.427979
4.46635
5.561497
-4.607488
4.404766
-2.822649
2.648657
4.593522
4.189685
4.351717
4.580006
-4.353235
-3.057049
4.061208
3.384424
4.087778
-3.214412
3.561922
4.586837
3.999282
5.991954
-3.223194
5.600639
3.872045
4.042877
3.991925
3.441607
5.426509
4.950124
5.346884
-4.445774
2.965355
5.065351
3.79381
3.575967
4.644485
6.399779
4.120836
-4.775432
4.872502
4.251846
-5.017888
2.954758
-5.056645
3.240045
4.913536
5.240277
3.959341
2.428917
4.340058
2.950597
3.663794
3.494115
3.965165
-4.215783
4.8846
4.51819
2.538646
-2.448961
2.574769
-3.548488
-3.802071
3.473816
-3.482732
-3.172346
4.52507
-1.403514
3.70722
4.236447
1.637567
1.990027
4.080734
5.695004
3.712937
-4.67919
-2.215645
-4.038844
-3.747273
5.784436
4.963805
-4.330953
-4.456016
2.970268
-3.798791
3.667121
-4.751354
5.333722
4.288789
3.011568
4.828542
4.015384
5.821879
1.997029
4.131795
3.464615
3.678617
-5.247044
2.954218
-4.131193
6.018582
3.9167
2.893889
5.959137
4.961544
4.410707
5.865705
2.347262
4.439338
3.491562
5.004555
-4.18718
4.141237
3.987508
-5.24681
4.520936
2.811891
3.193859
3.210918
3.048808
-4.148053
-3.898869
-4.769509
3.846234
-3.478405
1.540286
3.756366
-5.809141
2.291497
3.186667
5.221693
-3.934404
-4.138235
4.176277
4.375312
-4.956623
3.192348
3.145653
3.484225
-4.001252
4.35975
3.252614
4.41145
4.10031
-5.418409
-3.166517
2.013711
-4.136499
2.516372
3.731078
-4.144472
4.405724
4.527957
3.801022
2.514087
4.264318
-3.576459
4.338443
-4.216344
4.517822
4.801619
5.619508
-4.22438
5.734075
3.630776
3.602157
2.77875
5.409038
3.086916
5.559124
6.235864
4.241392
4.111917
-3.785198
2.93701
2.610259
5.384173
4.617761
4.096954
-4.513167
4.558051
5.28642
-3.466009
3.208213
2.920074
4.023074
3.315952
4.922642
3.535901
5.616725
4.107364
5.047437
4.829326
4.309
5.19158
3.526048
4.07947
3.696389
-5.23833
5.044394
5.170725
3.287582
4.096726
-3.879057
4.926007
3.225539
5.696536
-3.767934
5.754703
-5.063751
4.249242
6.255816
-4.98814
-3.799244
-2.4099
5.303163
-3.277297
4.126088
3.2571
-3.626884
4.737146
4.934735
-2.966627
4.300988
3.125784
4.631663
-3.647688
2.998976
-4.564478
-2.346021
2.258738
-3.503963
1.489237
3.966875
-4.962673
2.258144
2.801417
5.044553
3.702641
-4.197776
1.818586
-2.953233
3.436868
5.164875
3.640834
-4.19989
2.481459
4.182422
-4.52368
4.85355
-4.894136
2.95249
5.26174
1.938609
-4.17206
-3.709298
3.474672
4.743935
5.00998
1.686643
4.349419
-4.247334
4.859361
5.638787
4.106188
4.68952
4.897341
4.799011
4.111978
4.149867
4.241265
3.978825
4.185147
3.257632
-4.336564
4.131052
4.364191
3.013489
4.259004
2.812168
4.543258
3.201833
-5.06306
3.783645
3.578318
-5.234949
3.087673
-4.620604
3.047919
3.320124
3.137936
4.022771
3.984037
4.597883
3.744863
4.957846
4.28146
-3.135643
3.404893
3.504853
2.570958
3.08154
3.127797
-4.241593
3.931192
4.097099
3.808864
3.433571
5.098298
3.28943
-4.437649
3.109241
-2.124371
5.936603
2.61859
3.030994
5.900348
1.827383
4.570728
3.449135
4.91373
3.645534
4.2998
2.857862
-4.576837
3.346189
3.205086
4.099096
4.261446
4.944932
6.372803
-4.118374
2.346123
3.10737
3.165851
3.711805
5.068954
-5.504947
-3.757868
4.220085
-3.7378
2.879496
2.986571
4.572271
2.728516
3.460833
4.236605
4.241715
-3.349926
3.87277
4.252123
3.022397
3.296729
3.293524
4.76206
5.375483
4.163929
3.842605
1.774072
3.962336
4.897712
-5.136405
4.42298
4.457307
5.16312
1.751868
3.254694
-3.449476
-2.637706
3.668601
3.240074
-5.400778
-5.412314
-1.777549
4.994891
4.353319
5.057834
3.115906
-3.858491
3.614277
4.129478
4.481251
3.250348
4.004317
3.147521
2.922041
4.542398
2.614343
2.959321
2.204256
4.365844
4.323917
4.951125
5.071449
5.21674
3.689187
4.596538
4.242634
3.005697
4.826752
2.5582
3.025075
4.188124
3.456763
2.61909
-2.51014
2.605148
4.439696
-3.788245
5.096312
4.959837
-4.451932
-2.879141
-2.975747
4.945278
2.959613
-4.702068
4.16002
4.724488
2.349782
3.016503
-2.813149
3.970272
-2.845407
3.207133
4.650293
4.282846
2.752669
2.805774
4.782242
5.511777
3.863355
3.60829
-3.875611
2.625602
2.191272
3.763654
4.613304
3.608397
-5.916562
4.839847
3.9136
4.249579
-4.447949
5.013807
5.329414
3.700742
5.937506
5.048375
-2.850495
4.010176
4.595213
1.992887
4.211984
3.864034
4.996495
4.728414
4.053
3.890353
3.216955
3.489584
3.859212
4.949291
3.583947
5.310612
3.331897
3.655
-3.201433
2.426134
5.323811
2.455122
-3.841773
4.080385
4.15791
-3.467781
3.684525
-3.670892
3.544992
3.789501
4.282214
3.710893
4.542739
5.427209
3.539361
-3.574757
5.240599
4.802263
3.714734
3.338193
2.515292
3.536614
4.937401
2.840695
3.823244
3.208135
6.190657
1.941115
5.159263
3.503339
4.237236
6.005004
-2.180144
3.935935
1.789844
3.496358
4.81726
-2.030481
2.736194
-2.445058
3.870473
2.321082
4.064811
-3.081035
4.216174
4.421225
4.533198
3.09979
6.002671
5.525905
2.773149
-4.888588
3.654126
2.868643
3.811455
5.091272
-4.966503
-3.772174
4.254687
-3.965351
-4.268149
-4.548237
3.442513
2.532657
-6.850916
3.739252
-5.144146
-4.111984
3.233096
1.777626
3.570488
-3.46189
3.925421
5.444644
-4.747047
-2.931299
3.403696
-2.966932
3.902404
2.786493
4.812868
1.993544
4.115475
2.642223
4.021634
-2.735449
4.272914
3.113187
3.582815
3.18184
4.107263
-4.078205
3.381694
4.639245
3.649899
5.414695
3.752663
2.531954
1.687117
4.244309
3.94766
3.391572
-5.162921
-3.972978
2.929491
3.267709
2.814733
4.279394
3.330794
4.182361
3.5013
3.116887
4.053146
4.788881
-4.603431
4.348736
-3.600269
5.523671
5.098949
5.191558
3.141138
4.027363
5.799006
-4.213002
4.833263
4.753625
5.21851
-4.23387
5.374432
2.88279
4.771018
4.786196
-5.574439
4.395271
2.933042
2.96761
5.598524
-3.628555
5.181157
3.645644
-2.874798
4.37627
4.340301
6.195982
-4.995691
3.539482
3.887185
3.786416
4.173764
5.138246
4.418722
4.64443
4.765118
-3.989886
3.283509
5.559674
3.275503
-2.829856
3.593943
3.006352
3.360856
-4.254422
5.051668
5.505442
4.470826
4.361228
-3.541276
4.784492
3.676732
3.333654
-5.855617
-5.751594
4.121247
-4.096567
-2.735237
-3.839342
2.123888
3.627886
3.704956
4.122385
4.899666
4.854537
5.084127
-3.623926
4.585769
2.914061
4.492365
-4.389584
-4.2146
4.081151
4.640085
5.092265
4.795669
4.801326
-3.76081
3.479518
-3.489143
4.866113
1.651197
3.824483
2.237121
4.617564
2.491782
4.091406
4.957507
3.975191
2.463317
4.109363
-4.030885
1.483958
4.059849
-4.81928
4.573758
4.343772
3.742851
2.88146
5.022373
-4.324653
3.787635
4.542731
4.979727
4.16971
2.614562
3.112678
3.652395
3.50231
-5.698343
3.531385
3.447838
4.146348
3.875012
5.865135
6.103052
3.52189
3.255635
2.417289
5.24828
-4.783145
4.110995
6.14452
2.833091
5.11483
2.45052
4.697073
3.483952
3.84299
-5.922921
5.078302
-2.873479
4.355561
4.426708
4.385752
4.306718
-3.993471
5.392499
3.594315
2.348215
4.440405
-3.08536
3.780007
5.248065
4.623346
3.755445
2.934889
2.96148
3.803357
3.213894
4.274037
5.948827
2.787354
2.861535
5.772706
3.236464
-3.647485
2.112774
3.003388
3.291234
2.777165
3.855238
3.054377
3.962449
3.551893
1.818887
4.608041
3.328101
3.647821
-4.19649
-3.042372
3.599773
2.559919
-3.201562
4.867202
2.767269
3.517697
3.635653
5.176102
1.561062
3.036531
3.273992
4.912764
4.285982
2.908045
3.520803
4.083756
3.842038
5.025025
5.165328
2.853677
4.862387
3.676262
2.760819
5.365641
4.013504
2.313289
4.384221
-3.218123
3.98601
2.967343
-3.600866
5.441478
3.988636
1.741693
-5.154674
4.330489
-4.624361
4.594431
2.328812
4.044947
3.695537
-2.962447
4.405036
4.171598
-5.739264
5.234495
4.018669
-3.515667
3.555012
3.81539
-4.780066
4.59951
3.468907
3.73126
-4.458289
5.324975
2.851178
4.549378
4.521678
-4.273663
4.32987
-4.046154
3.585555
5.268771
-4.091464
4.484914
3.533226
4.041032
3.122311
-4.537586
3.088802
7.363049
3.050775
2.938623
3.235315
5.240526
-4.464573
3.716452
2.918062
-2.560827
3.38107
-5.422309
2.79805
3.062952
4.26868
2.738151
4.03319
-4.064084
5.455467
5.342943
4.539767
-3.37637
2.983694
-4.687824
3.831772
3.342019
4.991079
2.949168
3.878369
3.873217
3.99518
3.114092
-4.594444
5.498224
3.42784
3.155342
2.7975
-4.151211
-2.765047
3.57858
-4.82899
6.006169
3.719333
2.756994
3.691526
4.679675
2.013514
3.498897
3.730682
3.617623
4.172577
3.410997
3.697931
-3.964495
2.457818
3.514725
4.579229
-6.332803
3.607096
2.402626
3.360897
5.830687
4.297606
-1.771132
4.596931
5.462544
4.313618
4.076795
4.681622
-4.964504
4.024622
-4.089356
5.250256
4.268245
-4.166469
3.583062
3.176692
3.695909
3.799114
4.24922
1.886532
-2.676365
4.170924
4.305371
4.216043
4.78783
3.734869
4.376362
-4.785161
2.088831
4.001723
3.984142
1.80984
5.94395
3.984708
-4.694805
4.594041
2.830833
-3.835587
2.033438
-2.762769
-4.313946
-6.635275
3.389253
4.051088
4.462091
-3.240259
5.659321
6.31263
-4.185914
3.968126
5.576382
2.427143
-2.408355
3.650642
-1.997081
4.880771
5.025058
4.573869
4.583447
4.018758
5.251494
-4.242312
1.777564
3.605169
5.437279
4.70061
2.647992
4.336757
-3.784465
3.516007
4.703279
4.818854
3.087279
-4.920573
3.342495
4.06572
2.576642
3.220001
-3.999907
5.209069
4.08194
3.724946
4.495255
3.690579
3.563727
2.405595
3.786942
4.866138
2.684458
4.437145
4.418023
5.50249
-4.717285
2.847697
4.629244
3.369434
4.407008
3.623382
2.750332
4.372721
2.033186
3.066028
3.01466
4.804477
4.415012
-3.812321
3.352145
4.521392
4.683887
-3.920961
4.819895
3.564033
3.204004
4.421913
4.010123
5.352208
5.426858
5.130728
4.065909
4.317578
2.197876
-3.652137
3.365351
3.15296
5.153893
2.571068
2.493416
-4.920362
5.119897
4.33296
2.128336
3.828059
4.453989
4.104674
3.053115
-5.649362
2.654588
3.892102
4.527404
2.568485
3.865828
3.887814
2.853648
5.172248
3.846707
-4.193146
5.055753
5.222244
3.463501
5.542323
-4.401475
2.980666
4.315343
3.487419
4.350765
3.54739
4.803358
6.111746
5.416536
2.599233
4.649028
3.964682
5.797564
5.288177
3.045321
5.135442
-6.272362
3.148125
4.345811
5.498535
2.699667
4.321031
2.571276
-3.576971
4.232478
3.599416
5.191977
3.272035
4.25592
4.783072
3.221857
3.373278
2.179795
3.054829
3.164468
5.755806
3.040475
2.696526
4.301083
-3.109016
3.649584
3.481348
5.12706
-4.279095
-3.314309
4.844635
3.388787
6.447102
3.934636
-2.674421
4.640653
5.265861
4.359078
4.215479
-3.078472
3.535844
-5.118843
4.036666
-5.629445
-3.918789
2.997464
3.804567
4.082911
-3.616988
2.826605
1.793905
4.131681
4.690859
4.85732
-5.982799
3.352507
-2.870386
4.790973
5.8899
5.84709
6.041809
-4.224511
6.785042
4.185408
4.901316
4.74081
3.821572
-1.690247
4.629747
3.608704
4.584255
4.926072
-5.575802
4.916286
4.935718
3.373111
4.318937
3.624043
3.038425
4.123063
3.239829
3.011552
4.780343
3.737091
3.569406
3.804738
3.917528
4.768192
-3.014472
5.167875
4.236344
3.937448
4.140702
4.454622
4.287717
3.380916
3.752886
3.388467
6.198946
4.820005
3.174928
3.430287
4.090346
3.53813
-2.782886
3.559399
3.053631
3.82575
2.477434
4.175162
-4.026522
3.955289
1.866699
2.774834
3.516778
4.764112
-3.064366
1.586014
3.734842
3.021573
4.244507
3.694376
3.567661
3.185936
-4.245478
3.127727
3.257933
4.388914
3.094179
1.683101
4.679929
3.152177
-3.214165
2.874581
6.575498
5.320457
2.911892
-3.876017
5.396814
5.661211
3.943769
2.844786
4.872146
5.612767
3.305164
5.1379
4.59576
4.281442
-3.424155
3.859738
-4.476125
-2.566327
-6.812951
2.817806
3.525919
6.159324
5.048982
2.982516
-3.440931
1.654944
5.621694
4.826485
5.258898
-4.965367
4.126883
-3.48586
5.177511
4.294903
3.434464
4.785908
-4.246512
4.327678
3.593471
3.993788
2.941866
4.431922
3.037357
4.637396
4.654271
0.4813656
2.673193
2.003939
4.767109
3.654296
3.518157
3.660279
3.062806
-3.708035
4.351497
4.744672
3.95621
4.205992
2.934554
3.745555
2.883915
-5.296185
4.322096
2.571968
3.281401
4.808052
3.412414
3.510278
2.562216
5.050775
4.964279
3.608538
4.653074
3.285052
4.584777
-2.992964
3.035286
4.270909
4.996938
4.431847
2.940552
3.777377
4.247394
3.335504
3.494978
3.2963
3.125524
5.520463
3.410019
5.298206
5.650985
4.688486
3.472534
-4.518487
4.059575
-3.527289
-7.226604
2.266235
5.988763
-3.074111
-2.757802
3.547687
5.580332
3.724354
-5.129688
3.631548
2.897583
4.101951
3.598101
2.421005
2.779987
5.782183
4.281396
3.235435
2.806058
-2.61108
5.577302
3.61866
3.84533
3.090761
2.501249
4.479271
6.054644
6.070267
-4.023343
3.074662
-3.447175
4.60307
-3.820549
4.280284
5.110024
4.483684
2.862843
4.073389
3.876851
4.627275
-5.364729
-3.393401
-3.75027
3.532376
6.873754
5.544686
4.282122
-5.17688
3.048474
3.895509
2.95591
-4.149374
3.875909
2.744883
3.51523
4.81469
3.654613
3.192256
4.493796
5.003119
1.907118
3.434205
3.618646
4.737233
3.525532
4.360844
4.799297
4.277732
5.351108
5.448731
4.125157
-2.566941
4.2553
3.882159
4.328357
3.27353
-4.216221
4.325818
3.63194
4.870612
1.896244
4.960684
3.281819
4.862731
3.612868
3.588785
3.7417
4.06203
-4.678628
4.620552
4.079934
5.053739
3.770194
-4.199967
3.206205
3.771547
4.730675
4.321694
3.32887
-3.108096
3.179455
5.020751
3.31002
3.632188
2.058303
5.084335
3.546255
4.338356
4.23773
3.530359
3.662452
3.576476
4.433451
3.460392
2.401549
3.644441
-3.592267
1.345344
4.669608
4.590661
-5.312898
2.640016
-5.457654
4.114808
3.194209
2.477564
3.580304
-3.044379
3.238415
5.516296
-3.915637
2.519986
2.731206
-4.729384
3.827346
3.581052
4.826895
3.402089
-2.763558
4.197857
-1.577176
3.905906
3.327915
3.825934
-4.632028
4.447082
2.982427
2.792865
5.494144
3.478698
2.600687
-4.758999
4.664569
3.767085
3.950177
2.655293
4.191475
-4.082003
3.815585
4.823816
-5.368584
3.896269
2.729158
4.306766
3.186274
-2.397252
-3.805898
2.540322
5.239466
4.923068
3.875548
4.23954
4.39456
5.578508
-4.488991
-5.727446
-5.465288
4.132299
4.485951
3.623724
-4.769671
3.317421
5.24342
5.537388
4.394229
3.098514
4.40339
3.226445
-5.555382
4.777794
2.498538
-3.236756
3.192207
3.544797
3.717537
2.532068
2.483634
4.868221
-4.249604
3.39924
3.962293
4.480132
4.674223
4.226457
5.104342
3.131874
4.606568
4.257935
4.458919
4.616757
4.795508
3.859608
4.198931
4.438624
-4.580982
4.264688
4.433546
3.872601
-2.218601
5.831404
3.061018
-2.70544
-4.718039
4.491943
-3.338358
4.830542
4.922209
-3.544856
3.143145
4.162955
-3.246074
4.318423
2.871162
4.361517
5.016826
5.395911
4.196076
6.273801
4.02713
-4.412385
2.514375
5.86103
4.813299
3.769545
5.671658
5.126084
-1.997191
2.331227
-2.738901
2.916603
3.68938
4.407552
2.813913
2.718244
-3.231202
-2.821456
3.067217
3.353423
-2.51698
4.524695
-4.538318
3.307123
-5.849338
4.141935
3.973522
-1.73118
-3.095502
2.378578
-4.009392
-2.834439
2.057383
5.292753
3.35794
-6.29178
2.278142
2.874885
4.981833
4.028162
-5.304719
2.639443
5.362516
-5.538014
2.916023
2.303841
2.478522
3.80746
5.1333
3.572988
3.780156
4.721394
-4.27882
3.749206
1.584056
-3.293146
3.921038
-3.405378
3.656865
3.990975
5.111754
6.815694
-5.600761
2.621865
-2.443826
4.589668
3.757195
3.829065
4.575764
3.460009
3.973717
-3.135386
3.827417
-2.811877
5.220022
3.410814
3.693451
-5.95604
-4.273992
2.743415
3.59911
3.322918
-2.343835
4.449764
3.123051
4.606069
6.90808
3.633184
4.147672
4.850633
4.18033
3.652233
-3.903253
4.149596
2.800843
1.724132
4.410012
4.696446
4.566883
3.823879
3.156325
3.44857
4.626787
5.814332
2.837494
4.143614
4.528907
4.968938
4.976043
-4.256321
2.366947
3.734096
4.50571
3.592071
-5.168358
3.043946
2.07401
3.727084
5.080419
3.986525
-3.391991
-4.853565
4.003735
4.417867
3.935236
3.807045
-3.578074
-2.176832
4.66193
3.299172
3.950339
4.52283
4.366721
-3.477015
5.615954
3.282282
5.172714
2.429994
4.298984
2.643387
4.047831
-3.096079
-3.575621
3.76582
-5.495067
-4.069289
3.786165
2.931623
-3.367343
3.682042
3.868268
3.798272
3.240408
3.300096
4.166833
2.413672
-3.368721
-3.547212
3.995696
-3.658236
3.507861
5.208767
5.496321
-4.177074
4.640071
3.692942
3.337693
2.939752
5.273351
-5.078155
5.152717
5.347042
5.367479
-4.806313
4.44865
5.026768
2.786197
-1.986132
4.498482
4.794661
-2.32793
4.106489
5.279624
-5.070446
4.721121
2.908962
5.299953
3.552968
5.388723
3.008398
-4.527977
5.216562
2.736713
-3.987345
3.394921
4.33083
3.558003
4.539971
-3.941478
-3.076082
4.598786
4.035036
2.950489
4.196071
5.251104
3.829272
-3.967244
5.508942
2.728729
2.748271
3.582686
5.067143
5.397588
4.663217
1.426709
-4.998768
-4.922945
3.741705
5.001323
3.516114
4.06262
3.1914
3.104979
4.756879
3.753743
3.139104
3.455704
5.273247
3.009812
4.32342
-4.185654
5.536259
5.747859
5.916014
4.072851
3.839998
-6.108691
-2.408096
3.983123
-4.870783
2.91578
-2.868891
4.435626
-4.242236
-4.757637
-2.27481
3.213135
-4.809301
4.663505
4.42057
3.48659
3.505174
-3.732102
2.661692
4.56376
4.76973
-3.757293
-3.712772
4.707279
4.575029
-5.111436
-5.097087
4.308413
1.470322
-5.130208
5.115468
3.224057
4.899193
3.251517
4.377672
2.950143
4.877671
2.515074
2.806625
-3.464713
4.764049
4.663862
4.001487
2.12159
-4.067246
2.547013
2.232812
3.70674
3.697323
3.236678
3.789611
2.906658
-3.443534
-3.619109
3.951266
3.82916
2.733975
4.386665
3.391908
2.402878
5.337661
6.099761
4.195206
3.602767
-2.861456
4.36815
3.666468
-3.619749
5.532225
4.033254
4.336037
-5.31026
3.34429
-4.546031
3.143117
4.365852
-3.86113
3.801423
4.900002
3.910574
2.777696
4.602179
4.640311
3.969547
4.038442
2.859925
3.46262
-4.6759
3.670864
-4.087934
3.660458
-3.445252
4.069037
4.542177
5.423664
6.031675
5.022798
2.882114
4.650003
3.398251
4.386963
-4.515571
4.637703
3.402071
3.690824
3.037795
6.240509
5.401374
2.823286
3.666332
3.729967
5.025654
-4.568884
-4.06787
-3.697801
3.754939
3.687943
1.946315
-4.294318
4.268752
4.491946
5.306326
-4.888863
3.033044
2.527782
-4.995676
5.566495
3.097664
5.665813
2.944664
3.051885
3.415762
2.740435
2.4607
-4.619779
5.273429
4.130557
-5.383886
5.462468
-5.915914
-4.487509
-4.476875
3.886569
3.474606
-3.685133
-4.539436
-3.974436
4.395944
4.252195
3.617251
3.971265
4.501659
4.257495
3.215777
2.876373
4.675689
3.242646
-3.181581
5.325647
4.44377
2.890497
3.506942
-5.257716
4.473632
2.946107
2.372879
4.720208
4.572586
-2.766766
3.011192
4.20937
-3.470429
4.855628
4.559912
3.21507
-2.658307
3.218765
-5.299391
-4.874859
5.301439
-3.268086
3.60823
4.028808
2.823392
2.928495
3.027996
5.082058
3.393519
4.043925
-5.296338
4.276393
-3.901934
5.001012
-4.029098
4.214908
-4.088522
-5.4423
4.072131
4.506497
5.003141
3.53842
-3.290381
5.044318
3.100907
5.597476
5.740159
-2.809386
2.883314
3.794186
4.842297
2.696809
-3.393401
3.683158
3.224087
4.597698
3.199673
-4.238978
4.910594
-3.288827
1.889582
4.905733
4.852594
4.421417
-5.66658
4.360661
-4.951959
3.86244
-3.614331
3.555412
3.139385
2.045807
4.271154
4.142249
4.33441
4.749174
5.089118
-4.770989
-2.436357
3.464118
4.084855
-3.516897
3.878899
2.225214
4.240237
-3.817207
2.744534
-2.593032
3.212462
-3.81577
4.119304
3.165641
3.056925
4.593927
4.524937
3.584045
-3.558143
3.94529
-3.938923
3.565269
6.357338
-2.016743
4.624249
4.369407
5.119528
4.673623
4.095872
2.590828
3.787627
4.01256
3.700389
3.533066
2.34347
3.828199
2.62741
2.37134
2.880831
2.98078
3.261299
2.653165
3.277778
4.416422
4.496772
4.265296
3.508883
4.689586
2.698409
3.777474
4.280903
3.788461
-3.824671
3.978847
5.400485
3.701078
4.639032
3.123587
4.077048
6.254928
-3.217329
5.790549
4.272544
-3.451403
3.818974
3.486868
6.539098
1.936303
4.600497
-2.360785
2.766757
-4.914493
3.8091
3.027744
4.940808
-2.401605
5.435993
3.186318
4.041019
5.505189
4.181333
-4.777195
4.864982
4.112935
3.401152
4.438389
3.299045
3.196333
4.738023
2.725725
2.944819
2.981532
5.757728
-4.637414
-4.839321
3.282668
5.119518
4.892748
2.931806
4.292603
3.945028
4.742759
-2.661367
4.55594
5.214447
5.895176
2.644087
4.339902
3.595944
4.600264
3.601266
-5.094024
2.783698
2.257503
-5.391549
3.922086
4.094554
-5.761375
3.635872
5.501168
3.587841
2.045604
4.238471
3.262352
-2.971023
5.09207
4.419374
4.498717
2.849464
4.347452
4.430233
2.832897
4.619683
3.692829
3.025104
4.061507
4.351631
3.918519
4.419282
-4.778645
4.714385
3.401601
4.143017
2.875176
1.345755
5.649035
-4.902809
-2.972991
4.179048
-4.8177
4.055447
4.169031
4.027476
4.377475
5.217462
-3.540744
4.058204
3.431683
5.814055
3.900436
3.620751
4.863942
-3.943284
3.824897
3.112943
-3.221408
1.380282
4.841625
-3.670466
2.324185
4.522306
4.506303
3.261052
4.042791
-4.282969
4.457429
5.035126
4.030324
5.506727
4.556723
5.279096
4.079371
3.183275
6.236437
2.636875
-3.55896
1.604423
-5.595233
2.615677
4.89622
4.830535
4.021446
4.057952
3.397953
6.286536
2.624328
3.672137
3.901063
2.530684
-3.021253
3.879433
4.085541
4.030785
-4.749315
6.145958
3.148469
3.780089
-3.740544
3.573795
-2.496715
1.742464
3.787833
4.379969
2.76607
5.000767
4.396132
-4.515118
-2.60443
3.867417
4.917199
3.906766
4.815673
3.46315
4.780314
4.629019
2.644526
-4.057514
3.703525
2.522947
2.513365
2.572916
3.58767
4.301144
-5.385477
4.173838
-5.950174
4.530147
3.567005
-3.389746
4.326001
2.591694
-4.673189
3.259538
4.111322
4.37257
-1.968627
5.117773
4.431302
4.289729
-5.033442
2.929543
4.601441
4.715036
-3.211867
5.076948
4.28085
3.695343
3.184121
2.479131
2.879613
3.096675
-3.628356
4.900529
3.451782
4.318863
5.063988
4.241532
1.531891
4.438907
2.334777
-4.170227
3.877884
2.758251
-3.602202
4.562426
4.625267
3.934135
-5.212884
4.647911
3.336039
2.819049
2.915496
2.853781
5.683914
4.175068
5.267727
5.785414
-4.357359
4.466922
4.951342
3.254668
4.322643
3.827356
-6.28147
5.35326
-3.140812
3.495772
3.853596
4.669858
-3.510298
3.485471
4.105272
5.408763
3.382865
2.925436
-3.146322
5.099643
4.584166
2.540006
-3.066977
-4.754319
4.001239
4.745829
5.848014
-3.318164
-4.648813
2.852144
3.459238
4.934175
6.097727
3.985547
5.606636
6.099736
-4.593132
3.592348
4.29698
4.132189
3.998
3.807896
3.403756
4.502597
3.689535
3.85404
3.165802
3.489014
3.64179
3.460223
-4.042517
3.89828
3.513171
5.479038
-4.403941
3.371618
5.219166
3.480113
2.771947
2.84202
-2.544803
4.298096
-3.985297
3.983572
4.342224
4.060445
2.244746
4.359411
4.459087
4.832578
3.399312
6.415146
2.61193
-2.903161
4.160223
2.78745
4.36924
-4.182112
6.385468
-2.970309
2.100435
5.429716
4.764545
4.247331
2.944153
-5.306279
5.634942
3.284134
4.959145
6.872286
2.916274
-3.00641
5.006998
-4.303533
4.077352
3.3505
4.265875
-3.773252
3.400011
5.080834
3.734851
4.476844
-4.182287
2.960477
4.712637
3.848267
2.658145
3.097548
4.778096
5.262909
-4.180987
4.118397
-4.909905
2.936296
4.244622
3.387199
2.71905
4.345697
1.291565
2.201965
-1.270995
4.200067
2.795389
4.423449
3.764959
-4.043559
4.956006
3.355675
4.52051
4.39629
3.915969
2.645163
2.98113
3.597773
-3.725757
3.464245
-4.874625
5.926036
4.133459
4.886349
2.907125
4.450398
2.84854
4.030762
4.65688
4.168104
5.744343
-2.569179
3.693792
-4.351208
2.9721
2.904188
3.868202
3.241124
1.879813
4.14202
-3.419958
3.425098
4.000722
-3.669505
-2.912588
5.097788
3.898452
4.151635
4.261664
3.644683
-1.985541
2.989725
3.8631
4.129299
2.877239
5.756443
3.370783
-2.679409
3.261607
-5.147591
4.446021
3.546476
1.98658
3.583819
3.730131
2.860633
4.65134
-4.68347
-4.289275
3.343277
4.193594
3.267344
4.092406
-4.502244
6.056036
3.926498
3.913953
4.050283
3.488217
4.179057
5.668438
4.61104
3.544234
3.514613
-3.958927
4.752918
4.265746
4.406381
5.6085
-3.327439
4.58303
-3.018865
3.227618
3.244583
5.242363
-3.005188
4.633968
2.956053
3.471474
2.755838
4.243688
3.468872
3.841161
3.51057
3.068248
-4.791786
3.79251
3.576221
4.079217
4.165956
4.150392
5.838714
5.189458
3.513642
4.396674
5.33854
4.563673
4.770998
5.079988
4.486596
1.355268
-3.459666
3.962805
-5.291352
-4.429273
3.006441
3.201117
3.904657
3.615562
5.626172
-2.941571
-4.466101
3.12684
3.3655
-4.493755
2.544766
5.235008
-5.657824
4.21562
3.298638
3.849672
3.033977
-4.781758
-4.334069
-4.887746
2.468597
4.544887
-6.160367
3.574598
5.678704
4.580963
4.011346
1.849116
5.19264
3.249252
3.467545
-4.282176
4.784308
4.873911
4.115004
-3.858864
3.113561
-4.090963
5.488886
-4.315315
5.334845
2.96589
-4.061884
3.323138
-1.79051
4.11841
3.439968
4.588818
4.353881
4.991013
3.384867
4.380858
-4.6375
4.650821
3.40771
4.275547
4.074702
3.478827
5.747312
3.62438
3.126221
4.745222
5.170185
4.950313
3.250044
4.555944
4.385325
-5.193286
2.303908
3.41166
3.984626
3.287667
-4.893806
-5.933383
2.848514
4.053264
2.593719
5.026611
2.921463
3.81434
3.811899
3.858783
4.419745
3.307449
4.236542
4.127353
5.587811
5.735496
4.219519
4.664247
-4.525376
3.699395
4.77426
4.798079
3.986454
3.537876
3.583947
3.300477
3.032429
-2.346482
3.417023
3.49659
3.935887
5.596283
4.985051
3.302647
3.334
3.922781
2.651478
3.916104
4.668698
-4.938532
3.672419
2.768981
2.988661
3.351196
-5.427425
4.447486
3.239732
-3.040925
3.729929
3.453087
3.941229
2.991736
4.236383
-4.694298
-4.288599
-4.684072
-3.133572
1.937655
4.320533
3.324621
-4.789267
-2.916039
-3.093086
4.496624
-4.603643
4.645015
-4.89793
3.733223
-5.256234
2.655449
3.299664
4.474753
5.361741
2.879455
3.478198
3.141508
4.748013
4.654118
3.719981
3.934432
-3.80104
4.383378
2.295971
2.852413
-2.920224
-4.052951
3.826556
2.691599
3.733108
5.124184
4.122613
1.835436
-6.037513
4.630749
3.937586
-4.608872
4.480639
3.445022
5.207822
2.443842
3.867382
3.168481
4.107635
4.427159
4.831265
3.751386
5.211745
3.40236
-6.177983
1.919482
-4.10459
4.178661
-3.648745
3.496127
4.275184
4.974194
-4.113378
4.669966
3.706277
3.03599
3.427858
-3.361275
3.324119
4.448124
2.757222
3.846605
5.942622
3.661361
-5.373268
4.668071
3.32746
4.012436
-5.329905
5.13582
-3.121383
4.61803
3.754562
3.455767
3.280443
3.970697
2.790842
2.743557
5.271619
3.14606
4.867881
4.06653
4.991211
3.243087
-3.449027
-2.95355
5.685651
-2.830861
-4.763904
4.704145
4.87884
-3.008198
-5.630602
3.847321
4.324537
3.997172
4.222184
2.956848
6.037845
3.695977
3.423162
3.226326
4.577909
3.660286
5.011204
2.810778
6.00785
4.097418
4.994253
4.741278
4.152564
4.143012
3.221493
4.425224
3.406171
-5.453171
4.642848
-5.112472
2.78645
4.241777
6.11574
4.543466
4.06519
3.82294
2.861185
4.791203
-4.234097
3.441285
-5.849196
3.399631
3.918889
-4.417949
-4.964765
4.548659
5.502839
-3.712079
4.005157
2.673436
4.153809
-4.687986
-4.329277
4.860692
-3.084417
4.484666
4.529244
-4.878531
3.73019
5.504873
5.121897
5.594079
4.443811
4.176296
2.34078
3.917831
5.022555
3.316508
3.023776
4.050612
4.15821
5.597522
4.897468
-2.719168
-3.872233
3.120204
3.010407
-5.802768
3.997034
5.381624
-5.751118
3.632442
4.08321
5.256876
4.339419
4.668846
2.835273
3.684015
3.657098
4.503055
3.350461
4.941417
-3.770451
5.370384
5.158214
2.896486
4.360704
2.639622
3.864841
3.636267
3.466215
4.008296
3.863479
4.173606
-2.562544
3.304699
3.242063
4.485728
3.497602
4.970673
2.711713
3.155476
3.021419
-2.732667
5.935859
4.497263
3.464506
4.913283
3.711293
2.509067
4.290802
-3.660916
2.532793
4.64469
4.630154
3.461021
-5.720677
4.946192
3.455169
2.195997
2.524639
3.62697
1.960338
-3.846885
2.547559
2.650611
2.573586
4.516553
3.992725
-2.919682
4.132076
4.814935
4.004125
-4.096849
4.011632
3.025629
5.132345
5.037719
3.891052
3.702233
-6.104928
3.763378
5.386306
3.577652
4.565155
4.242266
3.992073
3.452295
3.189911
4.442632
-4.40636
3.976018
-4.277751
6.220015
2.986861
3.768169
-3.916389
-4.499578
-3.476249
3.862773
-3.589972
4.348384
4.988055
3.06925
-6.884132
-3.221398
4.937045
4.092725
5.030688
2.076485
3.575657
4.367812
4.153234
1.344243
-3.495138
4.558605
-3.180908
4.265044
3.693709
2.564138
1.733429
5.416303
4.890869
-2.891846
1.599546
4.723247
-4.244854
4.136789
4.410916
4.182439
-6.595699
4.952072
4.070969
5.641888
5.122621
3.507841
3.748043
4.08131
-3.075463
4.790843
3.790361
4.837895
4.041764
-3.405774
4.812513
3.637614
3.567657
5.807609
5.333727
-4.331697
4.712353
4.172513
3.605868
5.185737
-2.533943
2.922652
3.782204
-3.672112
2.662664
4.905541
4.693453
2.624686
-5.732012
4.906408
3.255154
3.842401
3.797053
4.638917
-6.630584
-4.436837
-3.87297
3.787768
3.049888
4.615947
3.26665
6.177058
5.10906
-3.862699
4.03294
3.415647
3.002858
4.138157
-1.972406
2.036994
5.093049
3.99486
-4.258717
-3.156553
4.596818
2.682785
3.768211
-3.608471
4.64588
3.234835
-4.090987
5.319748
3.14804
5.195049
-5.26598
5.248308
5.01672
3.352837
5.609814
3.079218
4.356635
4.500935
4.594781
4.29964
3.152623
3.30251
5.110994
4.216542
6.349743
4.53522
4.341731
-3.741789
3.099625
7.353204
-3.900717
2.30531
-3.599316
3.313517
2.21446
3.332911
-3.979071
3.186338
-4.13611
-4.142079
3.537161
-3.886825
4.344141
3.767573
4.948083
3.864746
4.727748
5.2895
4.068022
-3.990178
2.544967
-3.734587
4.880394
2.746737
-5.337081
-3.931523
3.797538
5.00106
-3.373345
3.634766
-4.352369
4.387081
4.43413
4.113827
-1.794625
5.18459
-3.586395
4.579876
5.199685
5.173053
2.718511
6.414874
2.884921
5.724717
6.251927
5.415132
4.023977
4.675996
-4.425711
3.375363
4.34063
3.533961
5.067674
6.803039
4.633046
2.459996
2.162747
4.130231
-2.755847
4.853257
2.608636
2.050622
4.252334
5.81937
4.632769
4.976286
6.52037
4.346495
4.519385
3.609487
5.811375
3.731352
4.300648
3.295565
4.177105
3.853691
6.129838
4.833414
-3.284154
5.178347
5.258799
4.219897
3.346017
-2.891248
4.509986
5.185473
5.039037
4.032161
3.855826
3.111856
4.551075
5.054633
4.907643
5.212061
3.349446
4.155824
4.893126
4.248318
-2.929112
3.776032
1.908364
2.368871
3.825437
3.764837
3.067122
2.6026
3.356904
-3.468604
4.537038
5.448534
3.843118
5.19084
-4.77382
3.587979
-5.392939
-2.602102
4.936543
4.436928
4.603572
4.889682
3.132774
2.662178
4.971722
5.929361
3.262947
-4.969132
2.579453
-2.157976
4.785821
3.121544
5.13258
4.080597
5.836696
5.449548
4.129905
-3.935049
-3.169296
3.366511
5.625278
4.441261
-4.629132
2.945904
5.375416
2.811655
2.942801
3.928562
-5.91865
5.104661
-2.897308
4.2203
4.660881
3.13951
6.200544
2.80824
4.240921
4.25891
5.495615
3.748819
-1.651176
4.317853
5.959692
4.432251
4.842656
3.311906
4.727029
3.849903
5.003691
3.64862
4.273322
-5.729939
5.845016
4.309308
4.788345
4.681117
4.584698
3.118526
4.871297
3.882147
2.463339
5.079654
4.157884
3.618738
-2.551591
-4.543631
-4.446711
4.440247
6.118619
-3.837125
-2.704438
-3.53874
3.512321
3.586103
4.954787
4.508268
3.603343
5.879326
6.839002
3.601191
4.160048
2.159525
3.46328
-2.554034
4.204457
4.659169
4.856073
3.898704
3.730301
4.089757
4.017188
3.603733
3.890159
2.682842
3.792651
3.161976
3.741679
4.38295
3.860399
3.30309
2.615269
4.057283
4.113865
-5.235486
4.377364
4.909126
5.110168
3.223694
3.83561
5.014857
4.742878
4.996725
-2.675256
3.032502
-5.712692
2.64227
5.26012
4.752207
2.460183
4.917798
-3.255819
4.006094
4.609602
5.380666
4.609706
3.263057
3.0152
3.260035
-3.721068
-1.824059
3.630687
5.001448
5.897608
-4.951671
4.688785
3.550425
3.466292
1.474376
4.924109
3.693713
4.383059
2.863925
4.513667
4.142724
5.694561
-5.580417
-3.61005
4.360186
-3.829033
3.768074
2.973022
6.450675
2.690207
2.798325
6.199154
2.564939
2.360055
4.229921
-2.413749
-6.207022
-3.574821
4.269889
4.765193
2.447505
3.630449
3.860892
4.324411
5.534634
6.332624
3.123789
3.504362
3.331108
3.759215
4.358888
-4.62707
3.160548
5.19914
5.882975
2.420213
-1.520027
4.690376
2.876699
1.092366
5.752793
2.016193
4.537038
2.965079
3.816889
4.291365
2.818493
3.582807
4.851864
4.455594
-3.629318
4.112314
2.183985
3.976437
5.941105
2.886123
4.963818
4.171453
3.179025
2.89902
3.110543
4.625156
4.642021
-3.856074
5.627208
4.143863
4.062842
4.278077
-5.263129
3.755115
3.086635
4.220528
3.768872
4.807796
2.971101
2.436099
4.82121
4.065784
4.394264
3.541939
3.782251
-3.489865
3.0069
-3.191538
-4.436344
2.128095
3.140246
3.098698
4.518607
4.834487
3.616635
4.587674
1.984897
4.678098
-5.37392
3.696415
4.203199
3.988833
4.102004
3.784984
-5.296988
-3.722593
2.353674
4.987838
3.872519
-2.50366
3.820477
-4.669833
4.355056
-4.34197
-3.424373
4.75855
-2.227642
3.93774
2.862494
3.98423
-3.73754
4.913945
4.151221
4.643173
2.629526
3.608462
3.45409
3.964956
-5.217522
4.330648
3.503181
2.510225
2.155863
-5.255694
4.169066
-4.922617
4.326476
-3.660303
6.734715
4.347475
2.815971
3.305374
-5.011305
2.858721
3.370088
-2.850629
5.24089
4.3543
-3.25581
-4.850563
4.452926
3.330132
5.997941
3.376974
4.329695
4.901948
3.661516
1.875007
-2.505325
4.5829
-3.088441
4.223216
4.642694
4.24123
4.57902
2.255373
3.225689
4.850543
3.271537
5.18165
2.680795
-3.282215
2.652664
4.480761
4.184402
3.049163
3.931495
1.501596
4.693049
4.240957
-5.741485
2.334409
3.895305
2.724435
2.834003
2.739512
3.641
3.086991
5.304102
4.458164
3.795908
4.482789
5.577569
4.573429
-2.466853
3.09513
4.398426
4.414779
4.09261
4.076026
3.07524
-3.055798
4.152134
3.366276
3.517216
-4.205762
5.610065
-3.103321
2.459596
-6.080404
4.651021
2.818241
4.107411
2.870009
4.095275
4.16975
5.909414
3.553478
5.062106
5.260984
5.09684
2.868343
-3.531448
2.766924
5.27038
4.101024
3.351181
-4.715404
2.441639
5.229626
2.824796
5.706576
-6.397183
3.285627
-3.68241
3.807882
4.282565
3.958245
2.952478
3.738829
-4.146851
4.341725
-4.140876
3.202175
2.689286
3.756932
4.980958
4.69946
5.299698
4.492421
5.944323
2.206981
6.388869
4.097104
-2.275829
3.538984
4.401482
3.61043
5.388778
4.516958
5.346997
4.312018
3.089032
-2.808226
-4.455939
3.112959
3.098647
3.496811
3.716199
2.572575
4.510501
-3.476427
3.147256
-2.867687
-5.678375
3.666364
3.471317
5.140963
4.175351
4.493983
3.558981
4.051634
2.684676
4.295817
4.604588
-2.554674
3.996215
6.674031
4.483341
3.940339
4.583265
-4.727026
5.269201
-6.695636
2.734827
2.973796
4.19974
5.544118
-2.666947
-4.478528
4.700125
3.965763
-4.319061
3.087555
-5.706298
4.476836
4.34591
4.556547
-4.568363
5.446402
3.523111
2.966606
4.924079
5.24661
5.829294
2.846823
3.53613
3.845123
-4.280463
4.319901
6.071896
5.020211
3.683538
4.03681
3.193714
4.362997
3.800773
2.525781
3.119304
4.328876
3.636801
3.581993
5.238777
3.537307
3.828265
-4.220415
-4.182037
3.576111
5.348095
4.768466
-3.997423
3.120159
5.788772
-5.243837
5.107565
4.977488
-3.825552
5.11322
4.711463
5.024793
2.259176
4.545363
3.806637
4.620032
3.683079
4.710951
5.224276
3.029815
3.837989
4.577709
3.958767
4.375673
-3.812797
4.489525
4.417777
-3.607755
4.98116
-4.689644
-5.345337
4.381578
4.530493
-5.19038
4.714027
3.469623
4.425799
5.01028
-3.805958
3.603524
4.688095
3.828791
4.542185
2.424288
4.422936
2.856241
-4.216265
3.35664
3.012069
-3.821281
2.153861
4.286822
-4.256038
-4.92363
-4.002178
2.657301
2.858008
3.246255
-3.894277
-3.767439
3.190179
4.408659
-3.557535
2.10372
3.145747
4.051645
4.941768
4.546001
3.438873
3.741572
3.434717
3.960575
-4.470371
3.727478
-3.102818
2.419412
-4.646225
2.616388
2.078607
3.286956
-2.623512
2.931909
3.701693
4.233988
3.316292
-2.549536
5.858756
4.517148
4.028546
3.098079
4.679347
3.233583
3.485547
4.306496
3.553333
2.926347
4.642081
3.076094
-4.183719
3.26605
5.858608
4.043536
3.859536
-4.191924
2.629204
4.07989
6.168005
3.111387
-6.118478
-3.480716
1.164509
3.778376
3.750176
2.329844
5.049691
3.411733
4.17451
-5.183615
4.419265
4.213872
4.037348
5.570857
4.232052
-3.634924
-2.883176
-4.240154
-3.936594
3.168139
5.984849
-2.982243
-4.324161
3.946445
-4.950728
1.884716
3.44229
-3.332498
4.764794
2.126695
4.597732
-3.40038
3.573419
-5.109111
4.97885
4.975336
4.065107
3.74233
3.80183
-3.903662
3.321562
-4.219913
2.714867
5.137932
2.390567
3.890169
4.328215
4.36755
4.604867
-4.414566
3.428926
3.756332
-4.463049
-3.526826
2.947445
4.306946
4.289163
5.561558
5.28994
3.836359
3.8696
4.31542
2.823163
3.761977
-6.519459
3.725202
-3.377742
5.202395
-3.380889
3.290126
-2.773169
4.576214
4.043312
2.449889
-4.786532
4.381705
4.255356
-3.86042
4.512073
5.069553
3.426204
4.651221
4.004545
4.959689
-1.094614
5.254742
4.626477
-4.230565
2.307082
-3.725613
3.968016
4.341858
5.205684
3.942054
3.078291
-3.159152
3.882402
4.537406
2.80636
4.497777
3.856214
4.782764
4.169457
4.235101
5.246008
2.686246
5.527273
3.788083
3.968857
-4.624319
4.277053
-5.013778
5.235521
3.285662
4.509943
2.072306
3.465881
4.666289
4.830786
5.749414
-3.642422
-6.827793
3.366984
4.188511
2.174228
2.554535
3.802498
3.98801
2.816973
4.680155
3.514195
3.572451
4.475308
6.37869
-3.716031
2.965097
3.560123
4.572262
-5.981872
4.665307
4.147295
4.032017
-3.160706
-4.728999
3.885829
-2.831773
3.925046
-5.01149
-3.536164
-3.727056
3.313154
5.282172
3.447484
6.38984
2.238186
3.538818
-4.785957
4.041231
3.96093
3.817958
3.219745
-5.027339
4.391183
3.536717
-4.68648
3.633384
6.011533
-5.086491
5.805571
4.500885
-2.974748
-3.73822
2.87005
5.821394
2.574834
-4.624788
3.347518
3.135459
3.763287
-2.811648
4.142734
-3.63862
5.585834
5.295084
-3.425287
3.817008
-2.525787
4.441559
3.719297
2.842606
4.78905
-5.277841
3.270876
4.092444
2.389409
3.699361
5.546497
4.204673
2.978203
4.473228
3.225097
4.071748
3.402088
4.412768
2.546566
3.970956
4.332653
-5.189314
3.488533
-5.172955
4.629033
3.366003
4.989042
-3.466098
3.371107
2.958336
5.14111
4.689328
6.402052
5.22649
5.073678
1.767039
4.849985
3.798587
-4.726517
4.029918
3.564068
4.105186
4.470555
3.028288
4.288953
-3.397075
4.568915
3.880629
4.415389
3.439243
-5.117508
-1.861132
3.143621
3.347154
-4.065423
-5.136078
5.082318
3.67806
-2.677615
-4.080871
-2.642147
4.737674
2.419996
3.816728
-5.304552
-4.23877
3.588688
4.813529
2.517449
4.67523
4.13607
4.206385
2.349561
3.415472
4.227623
5.59195
-2.380423
3.204678
-3.215422
-3.989405
3.617871
4.133416
4.832266
-3.403512
4.494426
4.759889
3.984432
5.69757
-5.155971
4.118757
4.162641
4.563761
4.782285
5.049765
2.149293
3.392293
4.35606
3.92101
2.630262
2.941343
3.832717
3.509403
-4.663151
4.695191
4.233751
-3.439716
-4.488239
5.829264
3.753632
4.249112
-3.248673
2.170437
5.256105
3.631997
3.600321
3.785095
3.609635
4.716551
4.39047
4.890087
5.236083
3.785007
-3.255295
-3.381826
2.778497
3.08762
3.330379
5.096538
3.250731
-3.80157
3.492145
5.23005
4.473358
3.026038
3.141351
3.177262
4.621014
-4.582664
-3.032685
-5.570601
3.664093
3.664456
-3.174595
4.117577
5.207185
1.827715
4.785457
4.013171
5.045454
3.837875
2.515485
4.420283
3.418549
4.063596
3.950197
3.990544
3.033455
4.612267
4.421749
2.50525
3.780271
4.97084
-4.494256
3.9159
4.059702
4.482776
-5.152329
5.673542
3.917717
3.834219
3.890541
-7.092587
3.981041
3.66446
4.860884
-3.351517
4.021793
3.926665
-4.576095
-3.54238
3.46769
5.468004
2.985535
5.894633
4.438794
2.923046
5.12816
3.451384
4.260582
-3.777244
3.682605
4.545905
4.71736
3.560562
6.052417
4.777745
3.680611
3.911863
3.334851
-4.552719
4.687323
3.72376
4.201581
5.061218
3.983722
3.867981
3.372408
3.921378
2.802958
5.030006
4.128412
2.887433
4.056194
-3.601184
5.19638
5.606173
-3.581927
4.117339
3.177866
2.892646
2.596519
6.065593
3.762368
3.352734
4.062263
2.803588
4.323044
3.920751
2.619651
5.179428
4.541153
4.499002
4.984006
3.851759
-3.251563
6.334079
3.691052
3.861254
3.901006
2.672381
3.889343
4.656553
3.9988
3.848603
-4.86077
5.328692
4.076746
5.144947
3.561128
5.287979
4.108301
3.30427
2.874994
-1.872452
-3.028238
4.4523
3.491757
3.491473
3.608815
-3.321197
-3.062901
2.62159
-3.713105
4.481774
3.88986
3.619237
2.852866
3.552198
2.243378
2.101464
4.18272
4.053949
3.517169
3.33581
3.240368
-3.78716
2.091384
-3.753367
5.049828
2.058935
3.924517
3.450046
5.525287
3.851441
4.722345
2.490024
4.280333
5.484371
3.438348
-3.468082
4.637452
3.359038
2.801429
4.400247
4.630252
-4.946237
4.009646
3.92947
2.895019
2.956935
2.568102
-2.583765
4.420697
2.151031
3.276714
4.219728
3.611825
1.829427
3.894281
4.40398
3.643711
2.933035
4.24989
3.540281
4.951181
-5.068497
2.437613
3.678106
3.037735
3.134391
3.737641
4.45547
4.093018
3.736609
5.455747
-3.427677
-4.197565
3.824643
2.758733
2.709267
5.434181
6.053232
4.014704
3.835398
5.923712
4.626102
3.79927
4.203462
6.163458
-5.557612
3.6135
2.673274
4.100699
4.398211
4.49203
4.397805
-3.111164
6.01918
5.189119
-4.251389
4.319111
5.227802
-3.945575
5.036748
5.749292
-5.096962
4.918094
3.146624
5.59718
4.740034
4.8398
-6.05868
4.599158
3.907287
4.030456
4.37273
3.083937
4.228532
3.138209
3.799834
3.95769
4.548529
-2.8962
-3.631997
-3.403815
2.69401
-4.580089
5.017623
4.351379
5.126405
-5.623443
3.970529
6.22623
-3.331346
4.292669
4.982923
2.669862
3.213076
-3.745461
-2.990956
4.956385
-3.75562
3.928729
-4.85139
-4.826136
5.710681
4.365562
6.156846
4.053767
3.324754
-4.871409
-3.546778
4.621319
1.729706
-3.383306
6.96676
-3.128605
4.89082
4.273249
5.025932
3.616255
2.82547
5.087792
-4.340223
3.848
4.971651
5.606343
-2.492354
3.937347
3.98153
4.37657
-3.078221
-4.844862
4.032485
4.122883
4.808436
3.697053
4.955045
-3.274923
4.369451
4.224191
3.220139
-3.598793
2.66382
-3.319872
2.950035
3.061043
-4.84696
3.384598
4.724242
5.931027
5.011601
-3.904893
-4.86599
3.207689
5.577546
-3.58955
2.754826
3.903949
-4.094666
4.136936
3.051765
3.804766
3.37341
4.636764
4.582579
-5.547158
-5.510716
2.750219
3.391283
3.589355
4.486946
-5.429097
4.313679
-4.354829
2.384884
5.996548
5.770357
4.170322
-2.296035
-3.658192
2.779567
4.345032
3.736244
4.920109
4.161352
-1.691172
5.220315
4.507045
-2.904979
-4.464434
3.3495
5.259868
-3.409808
-5.185503
-2.306125
2.176821
3.320003
4.021966
-3.485455
3.100627
3.633482
3.8368
3.961941
5.368465
4.349129
3.840362
3.370464
5.458282
4.611187
-4.928135
5.053493
3.417178
-5.22119
-4.487958
3.713303
2.790284
2.032831
3.402664
3.302141
5.096916
4.013667
3.306119
5.616903
3.769432
4.847785
4.003292
3.282761
6.097176
5.595006
3.127335
4.953172
5.159868
4.123711
5.030676
4.201677
3.718265
5.140652
4.576972
3.256733
3.601621
-5.051511
3.587194
4.995287
4.650937
4.17709
2.683563
4.032822
-3.345907
4.765884
3.46874
2.551218
3.094004
3.558171
-3.338893
3.807107
3.770204
-3.642612
1.995384
2.417759
